중증열성혈소판감소증후군(SFTS) 진료지침 [의료인용]

### 2.2 국내 발생

#### 가. 연도별 환자 발생현황 및 치명률
- 2012년 원인미상의 발열로 사망한 환자의 혈액 검체에서 SFTSV를 분리하였고, 2013년 5월에 첫 환자가 보고되었음
- 매년 200여 명의 환자가 발생하며, 2013년 이후 2022년까지 누적 치명률은 18.7%임(그림 1)

**그림 1. 연도별 SFTS 환자 발생현황 (2016~2022년, 단위 : 명, %)**
그림 1은 2016년부터 2022년까지 연도별 중증열성혈소판감소증후군(SFTS) 환자 발생현황을 보여주는 막대 그래프이다. 각 연도에 대해 연한 주황색 막대는 '환자 수 (발생률)'을, 진한 주황색 막대는 '사망자 수 (치명률)'을 나타낸다.
- 2016년: 환자 수 165명 (발생률 0.32%), 사망자 수 19명 (치명률 11.5%)
- 2017년: 환자 수 272명 (발생률 0.53%), 사망자 수 54명 (치명률 19.9%)
- 2018년: 환자 수 259명 (발생률 0.50%), 사망자 수 46명 (치명률 17.8%)
- 2019년: 환자 수 223명 (발생률 0.43%), 사망자 수 41명 (치명률 18.4%)
- 2020년: 환자 수 243명 (발생률 0.47%), 사망자 수 37명 (치명률 15.2%)
- 2021년: 환자 수 172명 (발생률 0.33%), 사망자 수 26명 (치명률 15.1%)
- 2022년: 환자 수 193명 (발생률 0.37%), 사망자 수 40명 (치명률 20.7%)
전반적으로 환자 수는 2017년에 가장 많았고 2021년에 가장 적었으며, 사망자 수도 유사한 추이를 보인다. 치명률은 2022년에 가장 높게 나타났다.

※ 2013년에 제4군 법정감염병으로 지정하여 환자감시를 시작하였고, 2020년 「감염병의 예방 및 관리에 관한 법률」 개정에 따라 제3급 법정감염병으로 분류됨

**표 1. 연도별 중증열성혈소판감소증후군(SFTS) 환자 발생현황(2016~2022, 단위 : 명, %)**

| 구분 | 2016 | 2017 | 2018 | 2019 | 2020 | 2021 | 2022 |
|---|---|---|---|---|---|---|---|
| 환자수 | 165 | 272 | 259 | 223 | 243 | 172 | 193 |
| 발생률* | 0.32 | 0.53 | 0.50 | 0.43 | 0.47 | 0.33 | 0.37 |
| 사망자수 | 19 | 54 | 46 | 41 | 37 | 26 | 40 |
| 치명률 | 11.5 | 19.9 | 17.8 | 18.4 | 15.2 | 15.1 | 20.7 |

* 인구 10만 명당 발생률을 의미함

<PAGE>010